{
  "accessors": [
    {
      "bufferView": 2,
      "componentType": 5126,
      "count": 4,
      "max": [
        1.0,
        1.0,
        1.0
      ],
      "min": [
        1.0,
        -1.0,
        -1.0
      ],
      "type": "VEC3"
    },
    {
      "bufferView": 2,
      "byteOffset": 48,
      "componentType": 5126,
      "count": 4,
      "max": [
        1.0,
        -0.0,
        0.0
      ],
      "min": [
        1.0,
        -0.0,
        0.0
      ],
      "type": "VEC3"
    },
    {
      "bufferView": 1,
      "componentType": 5126,
      "count": 4,
      "max": [
        1.0,
        1.0
      ],
      "min": [
        0.0,
        0.0
      ],
      "type": "VEC2"
    },
    {
      "bufferView": 0,
      "componentType": 5125,
      "count": 6,
      "type": "SCALAR"
    },
    {
      "bufferView": 2,
      "byteOffset": 96,
      "componentType": 5126,
      "count": 4,
      "max": [
        1.0,
        1.0,
        1.0
      ],
      "min": [
        -1.0,
        1.0,
        -1.0
      ],
      "type": "VEC3"
    },
    {
      "bufferView": 2,
      "byteOffset": 144,
      "componentType": 5126,
      "count": 4,
      "max": [
        0.0,
        1.0,
        0.0
      ],
      "min": [
        0.0,
        1.0,
        0.0
      ],
      "type": "VEC3"
    },
    {
      "bufferView": 1,
      "byteOffset": 32,
      "componentType": 5126,
      "count": 4,
      "max": [
        1.0,
        1.0
      ],
      "min": [
        0.0,
        0.0
      ],
      "type": "VEC2"
    },
    {
      "bufferView": 0,
      "byteOffset": 24,
      "componentType": 5125,
      "count": 6,
      "type": "SCALAR"
    },
    {
      "bufferView": 2,
      "byteOffset": 192,
      "componentType": 5126,
      "count": 4,
      "max": [
        -1.0,
        1.0,
        1.0
      ],
      "min": [
        -1.0,
        -1.0,
        -1.0
      ],
      "type": "VEC3"
    },
    {
      "bufferView": 2,
      "byteOffset": 240,
      "componentType": 5126,
      "count": 4,
      "max": [
        -1.0,
        0.0,
        -0.0
      ],
      "min": [
        -1.0,
        0.0,
        -0.0
      ],
      "type": "VEC3"
    },
    {
      "bufferView": 1,
      "byteOffset": 64,
      "componentType": 5126,
      "count": 4,
      "max": [
        1.0,
        1.0
      ],
      "min": [
        0.0,
        0.0
      ],
      "type": "VEC2"
    },
    {
      "bufferView": 0,
      "byteOffset": 48,
      "componentType": 5125,
      "count": 6,
      "type": "SCALAR"
    },
    {
      "bufferView": 2,
      "byteOffset": 288,
      "componentType": 5126,
      "count": 4,
      "max": [
        1.0,
        -1.0,
        1.0
      ],
      "min": [
        -1.0,
        -1.0,
        -1.0
      ],
      "type": "VEC3"
    },
    {
      "bufferView": 2,
      "byteOffset": 336,
      "componentType": 5126,
      "count": 4,
      "max": [
        -0.0,
        -1.0,
        -0.0
      ],
      "min": [
        -0.0,
        -1.0,
        -0.0
      ],
      "type": "VEC3"
    },
    {
      "bufferView": 1,
      "byteOffset": 96,
      "componentType": 5126,
      "count": 4,
      "max": [
        1.0,
        1.0
      ],
      "min": [
        0.0,
        0.0
      ],
      "type": "VEC2"
    },
    {
      "bufferView": 0,
      "byteOffset": 72,
      "componentType": 5125,
      "count": 6,
      "type": "SCALAR"
    },
    {
      "bufferView": 2,
      "byteOffset": 384,
      "componentType": 5126,
      "count": 4,
      "max": [
        1.0,
        1.0,
        1.0
      ],
      "min": [
        -1.0,
        -1.0,
        1.0
      ],
      "type": "VEC3"
    },
    {
      "bufferView": 2,
      "byteOffset": 432,
      "componentType": 5126,
      "count": 4,
      "max": [
        0.0,
        -0.0,
        1.0
      ],
      "min": [
        0.0,
        -0.0,
        1.0
      ],
      "type": "VEC3"
    },
    {
      "bufferView": 1,
      "byteOffset": 128,
      "componentType": 5126,
      "count": 4,
      "max": [
        1.0,
        1.0
      ],
      "min": [
        0.0,
        0.0
      ],
      "type": "VEC2"
    },
    {
      "bufferView": 0,
      "byteOffset": 96,
      "componentType": 5125,
      "count": 6,
      "type": "SCALAR"
    },
    {
      "bufferView": 2,
      "byteOffset": 480,
      "componentType": 5126,
      "count": 4,
      "max": [
        1.0,
        1.0,
        -1.0
      ],
      "min": [
        -1.0,
        -1.0,
        -1.0
      ],
      "type": "VEC3"
    },
    {
      "bufferView": 2,
      "byteOffset": 528,
      "componentType": 5126,
      "count": 4,
      "max": [
        0.0,
        0.0,
        -1.0
      ],
      "min": [
        0.0,
        0.0,
        -1.0
      ],
      "type": "VEC3"
    },
    {
      "bufferView": 1,
      "byteOffset": 160,
      "componentType": 5126,
      "count": 4,
      "max": [
        1.0,
        1.0
      ],
      "min": [
        0.0,
        0.0
      ],
      "type": "VEC2"
    },
    {
      "bufferView": 0,
      "byteOffset": 120,
      "componentType": 5125,
      "count": 6,
      "type": "SCALAR"
    }
  ],
  "asset": {
    "extras": {
      "author": "FabKzo (https://sketchfab.com/fabkzo)",
      "license": "CC-BY-4.0 (http://creativecommons.org/licenses/by/4.0/)",
      "source": "https://sketchfab.com/3d-models/opensource-panoviewer-panocube-38509b455e6e473fa45815d30dba4ff8",
      "title": "Opensource Panoviewer: Panocube"
    },
    "generator": "Sketchfab-12.67.0",
    "version": "2.0"
  },
  "bufferViews": [
    {
      "buffer": 0,
      "byteLength": 144,
      "name": "floatBufferViews",
      "target": 34963
    },
    {
      "buffer": 0,
      "byteLength": 192,
      "byteOffset": 144,
      "byteStride": 8,
      "name": "floatBufferViews",
      "target": 34962
    },
    {
      "buffer": 0,
      "byteLength": 576,
      "byteOffset": 336,
      "byteStride": 12,
      "name": "floatBufferViews",
      "target": 34962
    }
  ],
  "buffers": [
    {
      "byteLength": 912,
      "uri": "scene.bin"
    }
  ],
  "extensionsUsed": [
    "KHR_materials_unlit"
  ],
  "images": [
    {
      "uri": "textures/Material.001_baseColor.jpeg"
    },
    {
      "uri": "textures/Material.002_baseColor.jpeg"
    },
    {
      "uri": "textures/Material.003_baseColor.jpeg"
    },
    {
      "uri": "textures/Material.004_baseColor.jpeg"
    },
    {
      "uri": "textures/Material.005_baseColor.jpeg"
    },
    {
      "uri": "textures/Material.006_baseColor.jpeg"
    }
  ],
  "materials": [
    {
      "doubleSided": true,
      "extensions": {
        "KHR_materials_unlit": {}
      },
      "name": "Material.001",
      "pbrMetallicRoughness": {
        "baseColorTexture": {
          "index": 0
        },
        "metallicFactor": 0.0
      }
    },
    {
      "doubleSided": true,
      "extensions": {
        "KHR_materials_unlit": {}
      },
      "name": "Material.002",
      "pbrMetallicRoughness": {
        "baseColorTexture": {
          "index": 1
        },
        "metallicFactor": 0.0
      }
    },
    {
      "doubleSided": true,
      "extensions": {
        "KHR_materials_unlit": {}
      },
      "name": "Material.003",
      "pbrMetallicRoughness": {
        "baseColorTexture": {
          "index": 2
        },
        "metallicFactor": 0.0
      }
    },
    {
      "doubleSided": true,
      "extensions": {
        "KHR_materials_unlit": {}
      },
      "name": "Material.004",
      "pbrMetallicRoughness": {
        "baseColorTexture": {
          "index": 3
        },
        "metallicFactor": 0.0
      }
    },
    {
      "doubleSided": true,
      "extensions": {
        "KHR_materials_unlit": {}
      },
      "name": "Material.005",
      "pbrMetallicRoughness": {
        "baseColorTexture": {
          "index": 4
        },
        "metallicFactor": 0.0
      }
    },
    {
      "doubleSided": true,
      "extensions": {
        "KHR_materials_unlit": {}
      },
      "name": "Material.006",
      "pbrMetallicRoughness": {
        "baseColorTexture": {
          "index": 5
        },
        "metallicFactor": 0.0
      }
    }
  ],
  "meshes": [
    {
      "name": "Cube",
      "primitives": [
        {
          "attributes": {
            "NORMAL": 1,
            "POSITION": 0,
            "TEXCOORD_0": 2
          },
          "indices": 3,
          "material": 0,
          "mode": 4
        }
      ]
    },
    {
      "name": "Cube",
      "primitives": [
        {
          "attributes": {
            "NORMAL": 5,
            "POSITION": 4,
            "TEXCOORD_0": 6
          },
          "indices": 7,
          "material": 1,
          "mode": 4
        }
      ]
    },
    {
      "name": "Cube",
      "primitives": [
        {
          "attributes": {
            "NORMAL": 9,
            "POSITION": 8,
            "TEXCOORD_0": 10
          },
          "indices": 11,
          "material": 2,
          "mode": 4
        }
      ]
    },
    {
      "name": "Cube",
      "primitives": [
        {
          "attributes": {
            "NORMAL": 13,
            "POSITION": 12,
            "TEXCOORD_0": 14
          },
          "indices": 15,
          "material": 3,
          "mode": 4
        }
      ]
    },
    {
      "name": "Cube",
      "primitives": [
        {
          "attributes": {
            "NORMAL": 17,
            "POSITION": 16,
            "TEXCOORD_0": 18
          },
          "indices": 19,
          "material": 4,
          "mode": 4
        }
      ]
    },
    {
      "name": "Cube",
      "primitives": [
        {
          "attributes": {
            "NORMAL": 21,
            "POSITION": 20,
            "TEXCOORD_0": 22
          },
          "indices": 23,
          "material": 5,
          "mode": 4
        }
      ]
    }
  ],
  "nodes": [
    {
      "children": [
        1
      ],
      "matrix": [
        1.0,
        0.0,
        0.0,
        0.0,
        0.0,
        2.220446049250313e-16,
        -1.0,
        0.0,
        0.0,
        1.0,
        2.220446049250313e-16,
        0.0,
        0.0,
        0.0,
        0.0,
        1.0
      ],
      "name": "Sketchfab_model"
    },
    {
      "children": [
        2,
        4,
        11,
        13,
        15,
        17,
        19
      ],
      "name": "Root"
    },
    {
      "children": [
        3
      ],
      "matrix": [
        -0.29086000000000006,
        0.9551700000000001,
        -0.05519000000000001,
        0.0,
        -0.7711,
        -0.19988000000000003,
        0.6045200000000001,
        0.0,
        0.5663900000000001,
        0.21839000000000003,
        0.7946700000000001,
        0.0,
        4.076250000000001,
        1.00545,
        5.903860000000001,
        1.0
      ],
      "name": "Lamp"
    },
    {
      "name": "Lamp"
    },
    {
      "children": [
        5,
        6,
        7,
        8,
        9,
        10
      ],
      "name": "Cube"
    },
    {
      "mesh": 0,
      "name": "Cube"
    },
    {
      "mesh": 1,
      "name": "Cube"
    },
    {
      "mesh": 2,
      "name": "Cube"
    },
    {
      "mesh": 3,
      "name": "Cube"
    },
    {
      "mesh": 4,
      "name": "Cube"
    },
    {
      "mesh": 5,
      "name": "Cube"
    },
    {
      "children": [
        12
      ],
      "matrix": [
        -0.29086000000000006,
        0.9551700000000001,
        -0.05519000000000001,
        0.0,
        -0.7711,
        -0.19988000000000003,
        0.6045200000000001,
        0.0,
        0.5663900000000001,
        0.21839000000000003,
        0.7946700000000001,
        0.0,
        1.17158,
        -5.312829999999999,
        6.17214,
        1.0
      ],
      "name": "Lamp.001"
    },
    {
      "name": "Lamp.001"
    },
    {
      "children": [
        14
      ],
      "matrix": [
        -0.29086000000000006,
        0.9551700000000001,
        -0.05519000000000001,
        0.0,
        -0.7711,
        -0.19988000000000003,
        0.6045200000000001,
        0.0,
        0.5663900000000001,
        0.21839000000000003,
        0.7946700000000001,
        0.0,
        -2.35499,
        -5.6334,
        3.75009,
        1.0
      ],
      "name": "Lamp.002"
    },
    {
      "name": "Lamp.002"
    },
    {
      "children": [
        16
      ],
      "matrix": [
        -0.29086000000000006,
        0.9551700000000001,
        -0.05519000000000001,
        0.0,
        -0.7711,
        -0.19988000000000003,
        0.6045200000000001,
        0.0,
        0.5663900000000001,
        0.21839000000000003,
        0.7946700000000001,
        0.0,
        -7.38955,
        -1.87965,
        -1.50274,
        1.0
      ],
      "name": "Lamp.003"
    },
    {
      "name": "Lamp.003"
    },
    {
      "children": [
        18
      ],
      "matrix": [
        -0.29086000000000006,
        0.9551700000000001,
        -0.05519000000000001,
        0.0,
        -0.7711,
        -0.19988000000000003,
        0.6045200000000001,
        0.0,
        0.5663900000000001,
        0.21839000000000003,
        0.7946700000000001,
        0.0,
        -0.15276000000000003,
        4.92109,
        -0.05737000000000001,
        1.0
      ],
      "name": "Lamp.004"
    },
    {
      "name": "Lamp.004"
    },
    {
      "children": [
        20
      ],
      "matrix": [
        -0.29086000000000006,
        0.9551700000000001,
        -0.05519000000000001,
        0.0,
        -0.7711,
        -0.19988000000000003,
        0.6045200000000001,
        0.0,
        0.5663900000000001,
        0.21839000000000003,
        0.7946700000000001,
        0.0,
        -0.32410000000000005,
        1.28295,
        -3.5139,
        1.0
      ],
      "name": "Lamp.005"
    },
    {
      "name": "Lamp.005"
    }
  ],
  "samplers": [
    {
      "magFilter": 9729,
      "minFilter": 9987,
      "wrapS": 10497,
      "wrapT": 10497
    }
  ],
  "scene": 0,
  "scenes": [
    {
      "name": "Sketchfab_Scene",
      "nodes": [
        0
      ]
    }
  ],
  "textures": [
    {
      "sampler": 0,
      "source": 0
    },
    {
      "sampler": 0,
      "source": 1
    },
    {
      "sampler": 0,
      "source": 2
    },
    {
      "sampler": 0,
      "source": 3
    },
    {
      "sampler": 0,
      "source": 4
    },
    {
      "sampler": 0,
      "source": 5
    }
  ]
}
